layout_spectrum: 0.1015037
color:
  saturation: 0.2056928
  lightness: 0.3807734
  brandStrength: 0.6918008
  rhythmicContrast: 0.8806587
typography_spectrum: 0.8328524
name: The Grid Beta
