layout_spectrum: 0.3754028
typography_spectrum: 0.5171858
color:
  saturation: 0.4656284
  brandStrength: 0.6918008
  lightness: 0.754565
  rhythmicContrast: 0.6460795
name: The Grid Beta
